-10647.68	91.00
-10632.33	-2.00
-10616.99	9.00
-10601.67	-7.33
-10586.38	-18.33
-10571.10	-3.00
-10555.84	-11.33
-10540.60	-7.33
-10525.38	6.00
-10510.19	-23.00
-10495.01	4.67
-10479.84	12.33
-10464.70	-16.67
-10449.58	-17.67
-10434.48	24.33
-10419.39	-31.00
-10404.33	-1.00
-10389.29	28.00
-10374.26	-22.33
-10359.25	-1.67
-10344.26	-9.33
-10329.29	-33.33
-10314.34	19.67
-10299.41	14.67
-10284.50	0.33
-10269.61	-1.00
-10254.73	7.00
-10239.88	-2.33
-10225.04	7.33
-10210.22	5.33
-10195.42	-30.00
-10180.64	4.00
-10165.88	-19.33
-10151.13	-15.00
-10136.41	7.67
-10121.70	-18.67
-10107.01	-19.33
-10092.34	-3.67
-10077.69	1.67
-10063.05	-9.33
-10048.44	4.33
-10033.84	0.00
-10019.26	0.00
-10004.70	8.33
-9990.16	-19.33
-9975.64	-7.33
-9961.13	7.67
-9946.64	12.00
-9932.17	-23.00
-9917.72	13.00
-9903.29	1.33
-9888.87	-1.33
-9874.47	29.33
-9860.09	-4.67
-9845.73	1.67
-9831.38	18.00
-9817.06	-7.33
-9802.75	-8.33
-9788.46	23.33
-9774.18	-2.67
-9759.93	-8.00
-9745.69	-1.33
-9731.47	-13.00
-9717.26	-57.67
-9703.08	1.67
-9688.91	-7.00
-9674.76	-11.67
-9660.63	-1.33
-9646.51	-8.67
-9632.41	2.33
-9618.33	20.67
-9604.27	2.67
-9590.22	14.67
-9576.19	-2.33
-9562.18	19.67
-9548.18	7.00
-9534.20	20.67
-9520.24	7.00
-9506.30	8.67
-9492.37	13.00
-9478.46	-5.67
-9464.57	-1.00
-9450.69	15.33
-9436.83	-7.67
-9422.99	13.00
-9409.16	-5.67
-9395.35	16.33
-9381.56	-4.00
-9367.79	-10.33
-9354.03	-8.67
-9340.29	12.00
-9326.56	-3.00
-9312.85	-3.33
-9299.16	1.67
-9285.49	4.00
-9271.83	1.33
-9258.18	7.33
-9244.56	-16.33
-9230.95	11.67
-9217.36	19.33
-9203.78	-17.67
-9190.22	-29.67
-9176.68	0.00
-9163.15	-33.33
-9149.64	-13.00
-9136.14	9.33
-9122.66	-1.67
-9109.20	-4.33
-9095.75	14.00
-9082.32	-10.00
-9068.91	-1.67
-9055.51	19.00
-9042.13	-14.00
-9028.76	-1.00
-9015.41	15.33
-9002.08	-26.67
-8988.76	-4.00
-8975.46	10.00
-8962.17	-3.00
-8948.90	13.33
-8935.65	14.33
-8922.41	-2.00
-8909.18	15.67
-8895.98	14.00
-8882.78	-21.33
-8869.61	-8.33
-8856.45	3.67
-8843.30	-16.00
-8830.17	4.33
-8817.06	5.67
-8803.96	20.33
-8790.88	12.00
-8777.81	1.33
-8764.76	-18.33
-8751.72	0.33
-8738.70	12.67
-8725.69	-11.33
-8712.70	7.33
-8699.73	15.00
-8686.77	-16.00
-8673.82	-8.33
-8660.90	27.67
-8647.98	2.33
-8635.08	21.33
-8622.20	-8.00
-8609.33	-4.33
-8596.48	13.00
-8583.64	-2.00
-8570.81	1.00
-8558.01	13.00
-8545.21	6.67
-8532.43	-9.67
-8519.67	20.33
-8506.92	9.00
-8494.19	-7.67
-8481.47	6.33
-8468.77	-7.00
-8456.08	-10.67
-8443.40	1.33
-8430.74	-6.00
-8418.10	0.00
-8405.47	13.00
-8392.85	12.00
-8380.25	-8.67
-8367.66	10.67
-8355.09	0.67
-8342.53	-96.33
-8329.99	-3.67
-8317.46	10.00
-8304.95	2.00
-8292.45	99.67
-8279.97	12.67
-8267.50	-19.33
-8255.04	0.67
-8242.60	0.33
-8230.17	-14.00
-8217.76	13.67
-8205.36	-3.00
-8192.98	-10.00
-8180.61	-1.67
-8168.25	-6.00
-8155.91	16.00
-8143.58	3.00
-8131.27	-17.33
-8118.97	2.67
-8106.68	3.67
-8094.41	-16.33
-8082.16	6.33
-8069.91	14.33
-8057.68	-3.67
-8045.47	-1.33
-8033.27	13.00
-8021.08	0.33
-8008.91	9.67
-7996.75	-1.67
-7984.60	3.00
-7972.47	8.33
-7960.35	-10.33
-7948.25	2.00
-7936.16	7.00
-7924.08	5.33
-7912.02	-5.00
-7899.97	15.00
-7887.94	-0.67
-7875.92	-8.33
-7863.91	29.00
-7851.91	29.00
-7839.93	3.00
-7827.97	14.33
-7816.01	-7.33
-7804.07	-7.33
-7792.14	9.00
-7780.23	-22.33
-7768.33	8.33
-7756.44	2.00
-7744.57	-12.67
-7732.71	17.33
-7720.87	11.33
-7709.03	-10.67
-7697.21	11.00
-7685.41	6.00
-7673.61	1.00
-7661.83	-1.00
-7650.07	3.67
-7638.31	-6.67
-7626.57	-10.33
-7614.85	22.00
-7603.13	-6.33
-7591.43	-2.33
-7579.74	14.00
-7568.07	-20.33
-7556.41	12.00
-7544.76	26.67
-7533.12	4.00
-7521.50	-9.33
-7509.89	3.33
-7498.29	-10.33
-7486.71	39.33
-7475.14	8.33
-7463.58	1.67
-7452.03	12.67
-7440.50	9.33
-7428.98	-8.67
-7417.48	18.00
-7405.98	12.00
-7394.50	-13.67
-7383.03	9.67
-7371.57	10.00
-7360.13	-8.33
-7348.70	8.00
-7337.28	-7.33
-7325.88	-26.00
-7314.48	-4.00
-7303.10	24.67
-7291.74	-13.67
-7280.38	22.67
-7269.04	-14.33
-7257.71	-15.00
-7246.39	16.67
-7235.08	4.33
-7223.79	-11.67
-7212.51	7.33
-7201.24	-2.00
-7189.99	-12.33
-7178.74	6.67
-7167.51	1.67
-7156.29	-15.33
-7145.09	6.00
-7133.89	25.67
-7122.71	6.67
-7111.54	2.67
-7100.38	-6.67
-7089.24	-3.33
-7078.11	-2.00
-7066.98	1.33
-7055.87	-15.33
-7044.78	4.67
-7033.69	-26.67
-7022.62	-4.67
-7011.56	14.00
-7000.51	-10.67
-6989.47	-12.67
-6978.45	6.00
-6967.44	9.67
-6956.44	2.33
-6945.45	0.67
-6934.47	-4.33
-6923.50	-6.33
-6912.55	-4.67
-6901.61	16.33
-6890.68	13.00
-6879.76	0.33
-6868.86	11.33
-6857.96	-6.67
-6847.08	3.33
-6836.21	-6.00
-6825.35	3.33
-6814.50	0.00
-6803.67	-19.33
-6792.84	3.33
-6782.03	1.33
-6771.23	-3.33
-6760.44	13.00
-6749.66	-14.67
-6738.90	-11.33
-6728.14	9.00
-6717.40	-30.00
-6706.67	1.67
-6695.95	-10.33
-6685.24	17.67
-6674.54	-5.00
-6663.86	18.33
-6653.18	-4.00
-6642.52	10.00
-6631.87	30.33
-6621.23	-0.33
-6610.60	8.00
-6599.98	6.33
-6589.38	-3.33
-6578.78	0.67
-6568.20	-19.00
-6557.63	-12.67
-6547.07	-4.00
-6536.52	-9.33
-6525.98	-26.67
-6515.45	-1.33
-6504.93	26.00
-6494.43	-25.33
-6483.93	11.33
-6473.45	0.33
-6462.98	-6.33
-6452.52	6.00
-6442.07	-11.33
-6431.63	-21.00
-6421.20	2.33
-6410.79	24.00
-6400.38	-16.00
-6389.99	5.67
-6379.60	10.00
-6369.23	-11.67
-6358.87	2.00
-6348.52	14.33
-6338.18	2.00
-6327.85	2.33
-6317.53	-18.00
-6307.22	-21.00
-6296.92	-5.00
-6286.64	-2.33
-6276.36	8.67
-6266.10	6.67
-6255.84	-4.33
-6245.60	-3.67
-6235.37	4.00
-6225.15	4.33
-6214.94	-12.67
-6204.74	19.67
-6194.55	2.33
-6184.37	-11.00
-6174.20	15.67
-6164.04	6.67
-6153.89	-5.67
-6143.76	1.67
-6133.63	13.00
-6123.52	-14.67
-6113.41	7.00
-6103.32	-9.67
-6093.23	-5.67
-6083.16	4.33
-6073.10	-24.00
-6063.04	-6.67
-6053.00	-2.00
-6042.97	-11.00
-6032.95	-1.67
-6022.94	-4.33
-6012.93	-29.00
-6002.94	-12.67
-5992.96	-5.33
-5982.99	18.00
-5973.03	-18.33
-5963.08	9.00
-5953.15	-7.67
-5943.22	-2.00
-5933.30	-9.67
-5923.39	-20.33
-5913.49	3.67
-5903.60	9.33
-5893.73	-8.00
-5883.86	-6.00
-5874.00	22.67
-5864.15	-5.33
-5854.31	-1.00
-5844.49	8.67
-5834.67	-4.67
-5824.86	-3.00
-5815.06	2.67
-5805.28	-18.33
-5795.50	0.67
-5785.73	8.67
-5775.98	-6.33
-5766.23	3.00
-5756.49	-12.00
-5746.76	3.33
-5737.05	-8.67
-5727.34	-0.33
-5717.64	-2.33
-5707.95	10.33
-5698.27	-5.00
-5688.61	-12.33
-5678.95	10.33
-5669.30	1.67
-5659.66	1.67
-5650.03	8.33
-5640.41	-3.33
-5630.80	-13.33
-5621.20	0.33
-5611.61	-2.33
-5602.03	1.33
-5592.46	18.33
-5582.90	14.67
-5573.35	4.33
-5563.81	-1.67
-5554.27	-18.33
-5544.75	22.00
-5535.24	20.67
-5525.73	-11.67
-5516.24	7.00
-5506.76	9.33
-5497.28	-9.00
-5487.82	-10.33
-5478.36	4.00
-5468.91	-5.00
-5459.48	13.33
-5450.05	-0.67
-5440.63	-35.67
-5431.22	4.33
-5421.83	16.00
-5412.44	-16.67
-5403.06	-5.33
-5393.69	17.67
-5384.32	-17.00
-5374.97	7.33
-5365.63	-0.67
-5356.30	-3.67
-5346.97	-2.00
-5337.66	7.00
-5328.35	-23.33
-5319.05	1.00
-5309.77	0.00
-5300.49	1.00
-5291.22	-11.33
-5281.96	5.67
-5272.71	-7.67
-5263.47	12.00
-5254.24	8.67
-5245.02	3.00
-5235.80	4.00
-5226.60	-14.00
-5217.40	-9.33
-5208.22	14.67
-5199.04	6.00
-5189.87	-7.67
-5180.71	12.33
-5171.56	-16.00
-5162.42	-8.33
-5153.29	7.33
-5144.17	-5.00
-5135.05	-13.67
-5125.95	-2.33
-5116.85	-22.67
-5107.77	-13.00
-5098.69	1.67
-5089.62	5.33
-5080.56	-5.00
-5071.51	19.33
-5062.47	0.67
-5053.43	-11.67
-5044.41	7.33
-5035.39	-11.33
-5026.39	-12.33
-5017.39	23.00
-5008.40	16.00
-4999.42	-2.33
-4990.45	13.33
-4981.48	-1.00
-4972.53	11.33
-4963.58	6.33
-4954.65	-7.67
-4945.72	5.00
-4936.80	15.67
-4927.89	-15.67
-4918.99	-1.67
-4910.10	-5.00
-4901.21	-11.33
-4892.33	-6.67
-4883.47	-0.33
-4874.61	-3.00
-4865.76	-3.33
-4856.92	1.33
-4848.08	-5.33
-4839.26	-1.67
-4830.44	-8.67
-4821.64	6.67
-4812.84	15.00
-4804.05	-6.33
-4795.27	59.33
-4786.49	11.67
-4777.73	3.33
-4768.97	5.67
-4760.23	-5.00
-4751.49	-2.67
-4742.76	4.67
-4734.03	6.67
-4725.32	2.67
-4716.61	2.00
-4707.92	18.67
-4699.23	1.67
-4690.55	0.00
-4681.87	12.67
-4673.21	-2.33
-4664.56	4.67
-4655.91	-6.67
-4647.27	16.33
-4638.64	-0.67
-4630.02	-12.67
-4621.40	-6.33
-4612.80	-1.00
-4604.20	23.00
-4595.61	4.67
-4587.03	6.33
-4578.46	11.67
-4569.89	-4.00
-4561.33	-9.00
-4552.79	17.33
-4544.25	12.67
-4535.71	0.00
-4527.19	8.67
-4518.67	1.00
-4510.17	-1.33
-4501.67	15.67
-4493.17	-2.67
-4484.69	3.33
-4476.22	7.00
-4467.75	1.67
-4459.29	-7.33
-4450.84	32.00
-4442.39	12.67
-4433.96	4.67
-4425.53	3.00
-4417.11	-7.67
-4408.70	-8.67
-4400.30	2.67
-4391.90	-27.33
-4383.51	6.00
-4375.14	5.33
-4366.76	-7.67
-4358.40	12.33
-4350.04	-10.00
-4341.70	-22.00
-4333.36	9.33
-4325.02	-17.33
-4316.70	-1.33
-4308.38	13.00
-4300.07	7.33
-4291.77	7.00
-4283.48	-9.00
-4275.19	-1.67
-4266.92	-8.00
-4258.65	20.33
-4250.38	6.00
-4242.13	9.00
-4233.88	2.33
-4225.65	-8.00
-4217.41	-31.67
-4209.19	10.67
-4200.98	-11.33
-4192.77	-18.33
-4184.57	-1.00
-4176.37	-15.67
-4168.19	6.00
-4160.01	22.67
-4151.84	-1.00
-4143.68	4.00
-4135.53	15.33
-4127.38	-0.67
-4119.24	-8.67
-4111.11	17.00
-4102.98	-12.00
-4094.87	-16.67
-4086.76	25.00
-4078.66	-17.33
-4070.56	-7.33
-4062.47	26.00
-4054.40	-10.00
-4046.32	-5.67
-4038.26	12.67
-4030.20	2.00
-4022.15	-4.00
-4014.11	0.33
-4006.08	-11.33
-3998.05	1.67
-3990.03	-3.00
-3982.02	16.00
-3974.02	-18.33
-3966.02	-5.33
-3958.03	-1.67
-3950.05	6.33
-3942.07	-3.33
-3934.10	8.33
-3926.14	7.00
-3918.19	4.00
-3910.24	-2.00
-3902.30	6.33
-3894.37	-6.67
-3886.45	-19.00
-3878.53	-32.33
-3870.62	-17.00
-3862.72	-13.00
-3854.83	0.33
-3846.94	-1.67
-3839.06	4.67
-3831.18	7.33
-3823.32	7.67
-3815.46	-13.00
-3807.61	1.67
-3799.76	1.00
-3791.93	-4.00
-3784.10	13.00
-3776.27	-3.00
-3768.46	4.00
-3760.65	17.33
-3752.85	-4.67
-3745.05	-16.33
-3737.27	5.00
-3729.48	7.67
-3721.71	-14.33
-3713.95	16.33
-3706.19	-8.33
-3698.43	13.33
-3690.69	-5.33
-3682.95	12.67
-3675.22	-8.67
-3667.50	23.33
-3659.78	-11.67
-3652.07	5.33
-3644.37	33.00
-3636.67	-4.67
-3628.98	16.67
-3621.30	11.67
-3613.62	-4.00
-3605.95	-2.33
-3598.29	14.67
-3590.64	3.67
-3582.99	-7.33
-3575.35	-9.00
-3567.72	-32.33
-3560.09	3.33
-3552.47	3.00
-3544.86	-21.00
-3537.25	6.67
-3529.65	15.67
-3522.06	-1.00
-3514.47	8.00
-3506.89	-12.33
-3499.32	-8.67
-3491.76	20.33
-3484.20	14.67
-3476.65	5.00
-3469.10	14.67
-3461.56	-3.67
-3454.03	6.33
-3446.51	2.67
-3438.99	0.33
-3431.48	-6.67
-3423.97	2.67
-3416.47	14.33
-3408.98	-24.00
-3401.50	16.67
-3394.02	-11.00
-3386.55	-2.67
-3379.08	6.67
-3371.63	14.00
-3364.17	-9.33
-3356.73	14.00
-3349.29	5.00
-3341.86	-16.67
-3334.44	9.00
-3327.02	8.00
-3319.61	13.00
-3312.20	2.67
-3304.80	-22.00
-3297.41	-16.33
-3290.02	19.67
-3282.65	-4.33
-3275.27	7.67
-3267.91	9.67
-3260.55	-10.33
-3253.20	-2.67
-3245.85	9.67
-3238.51	5.33
-3231.18	17.67
-3223.85	9.33
-3216.53	0.00
-3209.21	-2.67
-3201.91	4.00
-3194.61	2.67
-3187.31	0.67
-3180.02	-3.00
-3172.74	-12.00
-3165.47	-1.00
-3158.20	9.33
-3150.93	1.00
-3143.68	-3.33
-3136.43	8.33
-3129.19	5.00
-3121.95	3.33
-3114.72	3.00
-3107.49	-11.67
-3100.27	-3.00
-3093.06	-26.33
-3085.86	-3.33
-3078.66	10.33
-3071.47	10.33
-3064.28	-15.67
-3057.10	8.67
-3049.92	4.00
-3042.76	-12.00
-3035.59	21.33
-3028.44	2.67
-3021.29	-20.33
-3014.15	-0.33
-3007.01	4.33
-2999.88	9.00
-2992.76	6.67
-2985.64	-11.00
-2978.53	-8.00
-2971.42	5.00
-2964.32	-14.00
-2957.23	1.67
-2950.14	17.00
-2943.06	-16.33
-2935.98	-2.33
-2928.92	1.33
-2921.85	-5.33
-2914.80	-8.00
-2907.75	2.67
-2900.70	-8.33
-2893.66	7.67
-2886.63	-4.00
-2879.61	-22.33
-2872.59	-7.00
-2865.57	3.00
-2858.56	-9.67
-2851.56	-25.67
-2844.57	19.67
-2837.58	-4.00
-2830.59	2.33
-2823.62	31.00
-2816.64	-12.00
-2809.68	-1.00
-2802.72	4.67
-2795.76	-4.00
-2788.82	7.00
-2781.87	3.00
-2774.94	-3.00
-2768.01	-3.33
-2761.08	-12.00
-2754.17	-14.00
-2747.25	17.00
-2740.35	20.33
-2733.45	-15.67
-2726.55	3.00
-2719.67	0.33
-2712.78	-7.00
-2705.91	13.00
-2699.04	6.67
-2692.17	-7.67
-2685.31	-1.67
-2678.46	5.00
-2671.61	1.00
-2664.77	10.00
-2657.93	4.67
-2651.10	-22.00
-2644.28	11.67
-2637.46	-0.33
-2630.65	-9.67
-2623.84	16.33
-2617.04	5.00
-2610.25	-9.33
-2603.46	13.33
-2596.67	-14.33
-2589.89	-2.33
-2583.12	11.33
-2576.36	-28.33
-2569.60	4.67
-2562.84	25.00
-2556.09	-20.00
-2549.35	-7.33
-2542.61	-15.00
-2535.88	-9.33
-2529.15	-14.67
-2522.43	-10.33
-2515.72	-9.33
-2509.01	6.00
-2502.30	14.00
-2495.60	-12.67
-2488.91	9.67
-2482.22	15.67
-2475.54	6.67
-2468.87	7.33
-2462.20	-13.67
-2455.53	-12.00
-2448.87	6.00
-2442.22	17.00
-2435.57	-4.67
-2428.93	18.33
-2422.30	-9.00
-2415.67	-8.00
-2409.04	16.00
-2402.42	-15.67
-2395.81	10.33
-2389.20	9.33
-2382.59	-3.00
-2376.00	-16.33
-2369.40	-2.33
-2362.82	12.67
-2356.24	-11.00
-2349.66	13.00
-2343.09	7.00
-2336.53	3.67
-2329.97	-2.33
-2323.41	6.00
-2316.87	-5.33
-2310.32	11.67
-2303.79	2.33
-2297.25	-4.00
-2290.73	9.67
-2284.21	-8.33
-2277.69	-13.00
-2271.18	15.00
-2264.68	-9.67
-2258.18	-2.00
-2251.68	16.33
-2245.19	-9.33
-2238.71	9.33
-2232.23	8.67
-2225.76	-8.67
-2219.29	15.00
-2212.83	2.00
-2206.38	20.00
-2199.92	-7.33
-2193.48	9.33
-2187.04	-12.67
-2180.60	-2.00
-2174.17	3.67
-2167.75	-16.67
-2161.33	-10.33
-2154.92	-5.67
-2148.51	-36.00
-2142.10	2.33
-2135.71	19.00
-2129.31	-7.33
-2122.93	12.00
-2116.54	0.00
-2110.17	-3.33
-2103.80	2.67
-2097.43	22.00
-2091.07	-5.33
-2084.71	-0.67
-2078.36	-4.33
-2072.02	-9.33
-2065.68	-0.67
-2059.34	7.33
-2053.01	11.67
-2046.69	14.67
-2040.37	16.33
-2034.05	-19.67
-2027.74	7.33
-2021.44	21.33
-2015.14	-20.00
-2008.84	10.67
-2002.56	14.00
-1996.27	2.00
-1989.99	13.33
-1983.72	3.33
-1977.45	-8.33
-1971.19	17.00
-1964.93	-7.00
-1958.68	-15.00
-1952.43	16.00
-1946.19	9.00
-1939.95	-12.33
-1933.72	2.33
-1927.49	-16.00
-1921.27	6.00
-1915.05	12.00
-1908.84	0.67
-1902.63	-7.67
-1896.43	7.67
-1890.23	9.33
-1884.04	-11.33
-1877.85	11.67
-1871.67	-11.67
-1865.49	6.00
-1859.32	22.33
-1853.15	-5.00
-1846.99	0.67
-1840.83	-3.33
-1834.68	-13.67
-1828.53	7.67
-1822.39	-1.00
-1816.25	-1.33
-1810.12	-8.00
-1803.99	10.33
-1797.87	-13.00
-1791.75	0.33
-1785.64	22.00
-1779.53	-0.33
-1773.43	20.00
-1767.33	-2.00
-1761.24	-26.33
-1755.15	3.67
-1749.06	-3.00
-1742.99	3.00
-1736.91	-24.00
-1730.84	-6.00
-1724.78	-5.00
-1718.72	7.33
-1712.67	6.00
-1706.62	-5.00
-1700.57	8.67
-1694.53	-4.00
-1688.50	2.67
-1682.47	0.00
-1676.44	19.67
-1670.42	-9.00
-1664.41	3.33
-1658.40	-5.00
-1652.39	-4.33
-1646.39	16.67
-1640.39	-4.67
-1634.40	-0.67
-1628.41	8.00
-1622.43	2.33
-1616.45	17.33
-1610.48	-2.00
-1604.51	0.33
-1598.55	3.00
-1592.59	18.67
-1586.64	4.00
-1580.69	4.00
-1574.74	32.33
-1568.80	-8.33
-1562.87	5.67
-1556.94	6.67
-1551.01	2.00
-1545.09	-2.33
-1539.18	3.67
-1533.27	-15.67
-1527.36	-5.67
-1521.46	-2.33
-1515.56	-7.33
-1509.67	16.67
-1503.78	3.33
-1497.90	2.33
-1492.02	-12.67
-1486.14	10.00
-1480.27	-27.33
-1474.41	7.67
-1468.55	0.33
-1462.69	2.33
-1456.84	1.67
-1451.00	13.00
-1445.15	0.33
-1439.32	10.00
-1433.48	6.33
-1427.66	-19.00
-1421.83	-1.67
-1416.01	17.33
-1410.20	-14.00
-1404.39	8.67
-1398.58	13.33
-1392.78	-3.33
-1386.99	23.00
-1381.19	4.33
-1375.41	-13.67
-1369.62	16.67
-1363.85	8.67
-1358.07	-3.33
-1352.30	4.67
-1346.54	-2.00
-1340.78	-14.33
-1335.02	4.00
-1329.27	-7.00
-1323.53	-17.00
-1317.78	9.67
-1312.05	-5.00
-1306.31	-14.00
-1300.58	21.67
-1294.86	5.67
-1289.14	-5.67
-1283.42	-8.00
-1277.71	-2.00
-1272.01	-22.67
-1266.31	-12.33
-1260.61	-2.33
-1254.91	6.33
-1249.23	17.33
-1243.54	-11.67
-1237.86	2.33
-1232.19	-5.67
-1226.51	-45.67
-1220.85	-5.33
-1215.19	-6.00
-1209.53	-20.33
-1203.87	3.67
-1198.22	17.00
-1192.58	11.00
-1186.94	1.67
-1181.30	22.67
-1175.67	-3.33
-1170.04	-2.33
-1164.42	-7.00
-1158.80	3.33
-1153.19	-6.67
-1147.58	17.33
-1141.97	-7.33
-1136.37	5.33
-1130.77	5.33
-1125.18	-1150.00
-1119.59	-127.00
-1114.01	4.67
-1108.43	5.33
-1102.85	13.67
-1097.28	4.33
-1091.71	-7.00
-1086.15	-5.67
-1080.59	4.33
-1075.03	-6.00
-1069.48	-5.67
-1063.94	-11.00
-1058.40	-8.67
-1052.86	3.00
-1047.33	-8.33
-1041.80	-5.67
-1036.27	24.67
-1030.75	-0.33
-1025.24	-12.00
-1019.72	25.33
-1014.21	-12.33
-1008.71	4.00
-1003.21	18.00
-997.72	4.33
-992.22	-9.00
-986.74	-37.00
-981.26	-27.67
-975.78	-3.00
-970.30	11.00
-964.83	-3.67
-959.37	13.33
-953.90	7.67
-948.45	-5.67
-942.99	2.00
-937.54	13.67
-932.10	-16.33
-926.66	-5.67
-921.22	13.67
-915.78	-0.33
-910.36	12.00
-904.93	-6.00
-899.51	-14.00
-894.09	-0.33
-888.68	-5.00
-883.27	-16.67
-877.87	-13.00
-872.47	14.67
-867.07	-11.67
-861.68	-6.33
-856.29	-4.67
-850.91	-19.67
-845.53	-8.00
-840.15	-18.33
-834.78	-11.67
-829.41	-1.67
-824.05	6.00
-818.69	-17.33
-813.33	11.33
-807.98	11.67
-802.63	-3.00
-797.29	0.67
-791.95	-1.33
-786.61	-1.00
-781.28	4.33
-775.95	22.33
-770.63	10.00
-765.31	9.00
-759.99	9.00
-754.68	-4.33
-749.38	18.67
-744.07	-6.00
-738.77	-7.67
-733.48	17.33
-728.18	9.67
-722.90	-23.33
-717.61	25.00
-712.33	-4.67
-707.06	-16.67
-701.78	0.33
-696.52	-10.33
-691.25	-2.67
-685.99	15.33
-680.73	-0.33
-675.48	-30.00
-670.23	15.00
-664.99	4.67
-659.75	15.33
-654.51	22.33
-649.28	-3.67
-644.05	7.67
-638.82	23.00
-633.60	-5.33
-628.38	7.00
-623.17	13.00
-617.96	6.33
-612.75	-14.33
-607.55	11.67
-602.35	10.33
-597.16	-4.00
-591.97	1.67
-586.78	15.67
-581.60	1.00
-576.42	-5.33
-571.24	12.33
-566.07	-3.67
-560.91	5.00
-555.74	-29.33
-550.58	-8.67
-545.43	10.67
-540.27	1.67
-535.12	14.67
-529.98	16.33
-524.84	13.33
-519.70	16.00
-514.57	-11.33
-509.44	-4.67
-504.31	4.67
-499.19	9.00
-494.07	-3.33
-488.96	11.67
-483.85	6.33
-478.74	-0.67
-473.64	-5.00
-468.54	-4.33
-463.44	9.33
-458.35	12.00
-453.26	11.67
-448.17	-13.33
-443.09	14.33
-438.02	-19.00
-432.94	2.00
-427.87	21.33
-422.81	-16.00
-417.74	16.00
-412.69	-4.00
-407.63	-9.33
-402.58	-13.00
-397.53	12.33
-392.49	-1.33
-387.45	7.67
-382.41	17.67
-377.38	-8.67
-372.35	14.00
-367.32	4.00
-362.30	-25.67
-357.28	-1.00
-352.27	6.33
-347.26	-32.00
-342.25	4.33
-337.24	-3.00
-332.24	15.67
-327.25	21.33
-322.25	13.33
-317.27	-14.00
-312.28	5.33
-307.30	-9.00
-302.32	-13.33
-297.34	30.00
-292.37	15.00
-287.40	-8.33
-282.44	20.00
-277.48	8.67
-272.52	-17.67
-267.57	9.67
-262.62	-4.00
-257.67	-8.67
-252.73	-2.33
-247.79	8.33
-242.86	6.00
-237.92	14.67
-233.00	2.00
-228.07	6.33
-223.15	16.33
-218.23	22.00
-213.32	-1.33
-208.41	-5.67
-203.50	13.67
-198.60	-21.33
-193.70	3.67
-188.80	-1.00
-183.91	-12.67
-179.02	33.67
-174.13	0.67
-169.25	2.67
-164.37	17.00
-159.49	-0.33
-154.62	-8.67
-149.75	17.33
-144.89	23.00
-140.03	-1.67
-135.17	13.33
-130.31	8.67
-125.46	13.00
-120.61	33.67
-115.77	-5.67
-110.93	6.67
-106.09	15.33
-101.26	-1.33
-96.43	16.33
-91.60	24.33
-86.78	28.67
-81.96	10.67
-77.14	30.33
-72.33	22.33
-67.52	22.33
-62.71	31.00
-57.91	36.67
-53.11	14.00
-48.31	13.33
-43.52	6.00
-38.73	19.33
-33.94	24.67
-29.16	6.00
-24.38	41.67
-19.60	39.67
-14.83	259.33
-10.06	1897.67
-5.30	4043.00
-0.53	5469.00
4.23	4546.00
8.98	3486.33
13.73	2251.00
18.48	866.00
23.23	148.67
27.97	37.33
32.71	49.33
37.44	31.67
42.18	34.00
46.91	13.67
51.63	32.33
56.35	27.33
61.07	16.33
65.79	13.00
70.50	28.67
75.21	44.67
79.91	50.00
84.62	135.67
89.32	276.00
94.01	381.33
98.70	490.67
103.39	620.67
108.08	666.33
112.76	670.33
117.44	742.67
122.12	765.00
126.79	779.33
131.46	753.00
136.13	781.67
140.79	834.67
145.45	872.33
150.10	896.67
154.76	907.00
159.41	931.33
164.05	977.33
168.70	1018.67
173.34	1074.67
177.97	1046.00
182.61	1079.33
187.24	1095.00
191.87	1096.33
196.49	1187.33
201.11	1207.33
205.73	1184.00
210.34	1238.00
214.95	1269.67
219.56	1291.67
224.17	1382.67
228.77	1364.33
233.37	1384.00
237.96	1477.67
242.55	1496.00
247.14	1446.67
251.73	1495.33
256.31	1520.33
260.89	1568.67
265.46	1607.67
270.04	1589.67
274.61	1576.33
279.17	1625.00
283.74	1617.33
288.30	1630.00
292.85	1687.67
297.41	1774.33
301.96	1782.33
306.51	1816.67
311.05	1795.67
315.59	1868.33
320.13	1789.67
324.67	1744.67
329.20	1822.00
333.73	1857.33
338.25	1839.67
342.78	1826.33
347.29	1982.67
351.81	2023.67
356.32	2033.33
360.83	2144.67
365.34	2150.67
369.85	2147.33
374.35	2083.33
378.84	2107.67
383.34	2082.00
387.83	2166.67
392.32	2126.67
396.80	2147.00
401.29	2242.67
405.77	2200.33
410.24	2178.67
414.72	2250.33
419.19	2258.67
423.65	2222.33
428.12	2197.33
432.58	2258.33
437.04	2219.00
441.49	2288.67
445.94	2251.33
450.39	2145.00
454.84	2175.67
459.28	2146.67
463.72	2148.33
468.16	2218.33
472.59	2147.33
477.02	2170.67
481.45	2154.67
485.87	2187.00
490.29	2182.67
494.71	2089.67
499.13	2140.33
503.54	2110.33
507.95	2067.00
512.36	2120.67
516.76	2160.67
521.16	2177.00
525.56	2197.00
529.95	2176.00
534.34	2132.00
538.73	2162.67
543.12	2087.00
547.50	2030.33
551.88	2034.33
556.26	2014.00
560.63	1984.33
565.00	2033.00
569.37	2037.00
573.73	1982.00
578.10	2012.67
582.46	1952.33
586.81	1895.67
591.16	1984.67
595.51	2063.67
599.86	1951.33
604.21	2115.00
608.55	2219.00
612.89	2232.67
617.22	2231.67
621.55	2333.00
625.88	2343.67
630.21	2470.33
634.53	2545.67
638.86	2498.33
643.17	2410.33
647.49	2308.67
651.80	2136.33
656.11	2032.00
660.42	1997.00
664.72	2066.00
669.02	2082.33
673.32	2061.33
677.61	2048.33
681.91	2123.33
686.19	2220.33
690.48	2144.33
694.76	2126.00
699.04	2075.33
703.32	2050.67
707.60	1991.00
711.87	1855.67
716.14	1744.00
720.40	1707.33
724.67	1704.67
728.93	1614.67
733.19	1628.00
737.44	1605.33
741.69	1589.33
745.94	1597.00
750.19	1563.00
754.43	1563.33
758.67	1570.33
762.91	1546.33
767.15	1598.67
771.38	1534.33
775.61	1521.00
779.83	1525.67
784.06	1539.67
788.28	1489.67
792.50	1469.67
796.71	1491.00
800.93	1452.33
805.14	1475.33
809.34	1458.67
813.55	1493.67
817.75	1454.33
821.95	1473.33
826.14	1445.00
830.34	1449.00
834.53	1489.00
838.71	1447.00
842.90	1419.67
847.08	1435.33
851.26	1415.67
855.44	1450.00
859.61	1436.33
863.78	1378.67
867.95	1404.67
872.11	1372.67
876.28	1386.67
880.44	1360.00
884.59	1370.00
888.75	1369.00
892.90	1342.33
897.05	1349.00
901.20	1352.00
905.34	1324.67
909.48	1336.33
913.62	1279.67
917.75	1341.00
921.89	1349.33
926.02	1356.00
930.14	1318.33
934.27	1299.67
938.39	1278.33
942.51	1277.33
946.63	1277.00
950.74	1303.67
954.85	1295.33
958.96	1250.00
963.06	1284.00
967.17	1218.00
971.27	1212.00
975.37	1245.67
979.46	1256.00
983.55	1260.33
987.64	1221.00
991.73	1162.33
995.81	1187.00
999.89	1206.00
1003.97	1256.00
1008.05	1192.33
1012.12	1096.67
1016.19	1104.00
1020.26	1123.67
1024.33	1191.33
1028.39	1188.67
1032.45	1227.67
1036.51	1282.33
1040.56	1311.00
1044.62	1259.00
1048.67	1214.00
1052.71	1155.00
1056.76	1119.67
1060.80	1167.00
1064.84	1130.33
1068.88	1095.00
1072.91	1147.33
1076.94	1095.33
1080.97	1103.00
1085.00	1100.67
1089.02	1151.00
1093.04	1080.67
1097.06	1166.67
1101.07	1047.67
1105.09	1056.00
1109.10	1115.33
1113.11	1129.67
1117.11	1167.00
1121.11	1215.33
1125.11	1233.33
1129.11	1177.67
1133.11	1102.33
1137.10	1039.00
1141.09	980.33
1145.08	1002.33
1149.06	1015.67
1153.04	1021.33
1157.02	1042.33
1161.00	1070.33
1164.97	1058.00
1168.95	1085.67
1172.92	1113.33
1176.88	1115.33
1180.85	1080.33
1184.81	1080.00
1188.77	976.33
1192.72	956.00
1196.68	940.33
1200.63	971.33
1204.58	991.00
1208.53	986.00
1212.47	968.00
1216.41	1001.67
1220.35	982.00
1224.29	995.33
1228.22	1049.33
1232.15	1017.33
1236.08	1029.33
1240.01	1078.33
1243.93	1038.00
1247.85	1071.67
1251.77	1106.67
1255.69	1132.67
1259.60	1148.67
1263.51	1145.00
1267.42	1150.00
1271.33	1101.67
1275.23	1169.00
1279.13	1071.33
1283.03	1039.33
1286.93	1127.67
1290.82	1129.67
1294.71	1152.00
1298.60	1113.33
1302.49	1171.67
1306.37	1249.33
1310.25	1319.67
1314.13	1468.67
1318.01	1633.33
1321.88	1774.67
1325.75	1709.33
1329.62	1505.67
1333.49	1290.00
1337.35	1146.00
1341.22	1063.33
1345.07	998.00
1348.93	949.33
1352.79	952.67
1356.64	915.00
1360.49	941.33
1364.33	897.67
1368.18	913.33
1372.02	904.00
1375.86	966.00
1379.70	950.67
1383.53	951.00
1387.37	998.67
1391.20	1029.33
1395.02	1110.33
1398.85	1147.67
1402.67	1097.67
1406.49	1026.00
1410.31	1005.33
1414.13	954.00
1417.94	929.33
1421.75	938.00
1425.56	931.33
1429.37	1026.67
1433.17	1030.67
1436.97	1005.33
1440.77	1024.67
1444.57	1012.33
1448.36	952.33
1452.15	941.33
1455.94	949.67
1459.73	953.67
1463.51	918.00
1467.30	926.00
1471.08	888.00
1474.85	842.33
1478.63	808.00
1482.40	849.67
1486.17	860.33
1489.94	846.67
1493.70	815.00
1497.47	828.67
1501.23	817.67
1504.99	788.33
1508.74	818.67
1512.50	824.33
1516.25	750.67
1520.00	771.33
1523.75	779.67
1527.49	819.00
1531.23	884.33
1534.97	904.33
1538.71	886.33
1542.44	841.00
1546.18	841.33
1549.91	838.67
1553.64	834.33
1557.36	837.33
1561.09	868.33
1564.81	865.33
1568.53	848.33
1572.24	830.33
1575.96	866.00
1579.67	910.00
1583.38	970.33
1587.09	1076.33
1590.79	1265.00
1594.49	1540.00
1598.19	1783.67
1601.89	1803.00
1605.59	1654.67
1609.28	1388.33
1612.97	1070.67
1616.66	940.33
1620.35	887.67
1624.03	855.67
1627.72	808.00
1631.40	786.00
1635.07	776.67
1638.75	758.33
1642.42	755.00
1646.09	759.00
1649.76	721.00
1653.43	773.67
1657.09	807.00
1660.76	810.00
1664.41	811.33
1668.07	768.00
1671.73	718.67
1675.38	719.33
1679.03	698.00
1682.68	703.33
1686.32	704.00
1689.97	714.33
1693.61	734.33
1697.25	738.33
1700.89	712.67
1704.52	690.33
1708.15	729.00
1711.78	719.33
1715.41	740.33
1719.04	824.67
1722.66	792.67
1726.28	784.67
1729.90	769.67
1733.52	736.33
1737.14	715.67
1740.75	728.67
1744.36	737.67
1747.97	710.00
1751.57	708.00
1755.18	698.67
1758.78	670.33
1762.38	693.67
1765.97	637.00
1769.57	645.00
1773.16	653.33
1776.75	635.00
1780.34	644.67
1783.93	643.67
1787.51	650.67
1791.09	672.67
1794.67	684.00
1798.25	663.33
1801.83	588.67
1805.40	600.67
1808.97	641.33
1812.54	652.67
1816.11	622.67
1819.67	606.67
1823.23	626.33
1826.79	611.33
1830.35	611.00
1833.91	615.33
1837.46	592.33
1841.01	600.33
1844.56	628.00
1848.11	582.00
1851.65	563.67
1855.20	611.33
1858.74	604.00
1862.28	575.33
1865.81	585.00
1869.35	613.00
1872.88	571.67
1876.41	581.33
1879.94	567.33
1883.46	576.33
1886.99	599.33
1890.51	562.33
1894.03	570.00
1897.54	556.67
1901.06	534.33
1904.57	556.67
1908.08	601.67
1911.59	577.67
1915.10	572.33
1918.60	572.33
1922.11	531.00
1925.61	557.00
1929.11	559.33
1932.60	554.33
1936.10	565.67
1939.59	551.33
1943.08	538.00
1946.56	548.00
1950.05	535.33
1953.53	514.33
1957.02	523.67
1960.50	526.67
1963.97	526.67
1967.45	514.67
1970.92	514.00
1974.39	510.67
1977.86	534.00
1981.33	507.00
1984.79	507.33
1988.26	512.67
1991.72	500.67
1995.17	497.33
1998.63	496.33
2002.09	487.67
2005.54	470.33
2008.99	490.33
2012.44	489.67
2015.88	440.00
2019.33	498.00
2022.77	480.00
2026.21	452.00
2029.65	491.33
2033.08	475.33
2036.52	453.67
2039.95	467.33
2043.38	473.00
2046.81	454.33
2050.23	445.67
2053.66	437.67
2057.08	446.67
2060.50	462.33
2063.91	425.00
2067.33	436.67
2070.74	444.33
2074.15	406.67
2077.56	434.67
2080.97	400.33
2084.38	432.33
2087.78	431.00
2091.18	421.00
2094.58	413.67
2097.98	386.00
2101.37	415.67
2104.77	392.33
2108.16	415.67
2111.55	410.33
2114.93	411.00
2118.32	381.33
2121.70	391.67
2125.08	360.00
2128.46	395.33
2131.84	372.00
2135.22	372.00
2138.59	386.00
2141.96	375.33
2145.33	389.33
2148.70	372.33
2152.06	349.67
2155.43	356.00
2158.79	363.33
2162.15	361.67
2165.50	325.33
2168.86	364.67
2172.21	343.33
2175.56	350.00
2178.91	337.67
2182.26	321.67
2185.61	325.33
2188.95	356.00
2192.29	360.67
2195.63	338.67
2198.97	341.00
2202.31	328.67
2205.64	325.00
2208.97	331.33
2212.30	314.33
2215.63	322.33
2218.96	327.67
2222.28	302.33
2225.60	292.33
2228.92	309.33
2232.24	275.33
2235.56	309.67
2238.87	315.67
2242.18	300.00
2245.49	312.67
2248.80	285.00
2252.11	272.00
2255.41	280.33
2258.72	307.67
2262.02	245.67
2265.32	276.00
2268.61	285.67
2271.91	272.00
2275.20	283.67
2278.49	293.67
2281.78	281.67
2285.07	290.00
2288.35	273.67
2291.64	256.00
2294.92	256.33
2298.20	268.00
2301.48	251.00
2304.75	263.67
2308.03	246.33
2311.30	238.33
2314.57	246.33
2317.84	266.67
2321.10	246.33
2324.37	251.67
2327.63	263.67
2330.89	240.33
2334.15	250.00
2337.41	237.33
2340.66	224.67
2343.92	239.67
2347.17	247.67
2350.42	241.67
2353.66	226.67
2356.91	225.67
2360.15	209.33
2363.39	226.67
2366.63	235.00
2369.87	203.00
2373.11	213.33
2376.34	215.67
2379.58	203.33
2382.81	214.33
2386.04	209.67
2389.26	208.33
2392.49	207.67
2395.71	222.33
2398.93	218.00
2402.15	241.67
2405.37	200.67
2408.59	226.33
2411.80	234.67
2415.01	180.00
2418.22	211.00
2421.43	201.67
2424.64	194.67
2427.84	186.33
2431.04	218.00
2434.25	186.67
2437.44	202.67
2440.64	201.00
2443.84	201.67
2447.03	221.00
2450.22	199.67
2453.41	179.33
2456.60	197.00
2459.79	162.00
2462.97	152.67
2466.16	179.67
2469.34	180.00
2472.52	172.67
2475.69	192.67
2478.87	185.33
2482.04	174.33
2485.21	182.67
2488.38	183.00
2491.55	176.00
2494.72	177.00
2497.88	201.33
2501.05	182.33
2504.21	182.67
2507.37	204.00
2510.52	204.33
2513.68	207.67
2516.83	206.33
2519.98	174.67
2523.13	174.33
2526.28	151.33
2529.43	150.33
2532.57	153.67
2535.72	136.00
2538.86	159.67
2542.00	172.00
2545.14	163.33
2548.27	156.67
2551.41	157.33
2554.54	158.00
2557.67	141.00
2560.80	134.67
2563.92	122.67
2567.05	113.67
2570.17	134.00
2573.30	128.00
2576.42	129.33
2579.53	154.00
2582.65	149.67
2585.76	140.33
2588.88	149.00
2591.99	146.00
2595.10	132.33
2598.21	148.67
2601.31	129.00
2604.42	149.33
2607.52	128.67
2610.62	120.33
2613.72	143.33
2616.81	139.67
2619.91	119.67
2623.00	155.33
2626.10	153.67
2629.19	120.67
2632.27	140.33
2635.36	123.67
2638.45	109.33
2641.53	144.67
2644.61	146.67
2647.69	138.00
2650.77	119.33
2653.84	142.67
2656.92	108.00
2659.99	138.67
2663.06	126.33
2666.13	109.00
2669.20	121.33
2672.26	139.33
2675.33	124.33
2678.39	138.33
2681.45	136.33
2684.51	107.00
2687.57	133.00
2690.62	145.00
2693.68	107.67
2696.73	141.00
2699.78	129.67
2702.83	95.33
2705.88	122.00
2708.92	122.33
2711.97	107.67
2715.01	137.67
2718.05	128.33
2721.09	124.33
2724.12	129.67
2727.16	121.00
2730.19	101.00
2733.22	122.67
2736.25	110.00
2739.28	107.67
2742.31	127.33
2745.33	107.33
2748.36	95.33
2751.38	108.67
2754.40	123.33
2757.42	76.33
2760.43	123.67
2763.45	95.67
2766.46	95.00
2769.47	103.33
2772.48	99.00
2775.49	96.33
2778.50	88.33
2781.50	71.67
2784.51	78.00
2787.51	89.67
2790.51	78.33
2793.51	60.33
2796.50	70.33
2799.50	86.33
2802.49	100.00
2805.48	82.00
2808.47	52.00
2811.46	74.67
2814.45	57.33
2817.43	72.33
2820.42	74.00
2823.40	90.33
2826.38	63.67
2829.36	62.67
2832.33	63.67
2835.31	68.33
2838.28	78.67
2841.25	68.00
2844.22	63.00
2847.19	67.33
2850.16	61.67
2853.12	83.33
2856.09	97.67
2859.05	81.67
2862.01	105.00
2864.97	115.33
2867.93	127.67
2870.88	113.67
2873.83	119.33
2876.79	106.67
2879.74	107.33
2882.69	103.33
2885.63	112.33
2888.58	109.00
2891.52	95.00
2894.47	104.33
2897.41	97.00
2900.35	113.00
2903.28	104.00
2906.22	124.33
2909.15	130.00
2912.09	106.00
2915.02	146.33
2917.95	151.33
2920.88	144.00
2923.80	163.67
2926.73	176.33
2929.65	162.33
2932.57	183.67
2935.49	140.00
2938.41	123.00
2941.33	125.67
2944.24	114.33
2947.16	115.67
2950.07	107.33
2952.98	93.67
2955.89	96.67
2958.80	89.00
2961.70	95.33
2964.61	54.67
2967.51	73.67
2970.41	67.33
2973.31	60.33
