-10647.68	798.20
-10632.33	-8.80
-10616.99	4.40
-10601.67	-0.20
-10586.38	3.80
-10571.10	8.40
-10555.84	-44.20
-10540.60	10.20
-10525.38	-6.20
-10510.19	11.80
-10495.01	-4.80
-10479.84	1.20
-10464.70	-0.40
-10449.58	-6.00
-10434.48	-2.00
-10419.39	-2.60
-10404.33	5.60
-10389.29	-1.40
-10374.26	-10.20
-10359.25	1.60
-10344.26	2.20
-10329.29	-4.40
-10314.34	5.80
-10299.41	16.80
-10284.50	10.40
-10269.61	10.80
-10254.73	2.80
-10239.88	-16.60
-10225.04	0.20
-10210.22	-2.00
-10195.42	-14.60
-10180.64	4.40
-10165.88	1.60
-10151.13	-4.40
-10136.41	1.80
-10121.70	7.40
-10107.01	-3.80
-10092.34	-9.20
-10077.69	-4.60
-10063.05	-2.60
-10048.44	0.00
-10033.84	-0.20
-10019.26	12.40
-10004.70	-6.60
-9990.16	-8.60
-9975.64	-1.20
-9961.13	-2.20
-9946.64	5.20
-9932.17	5.20
-9917.72	-4.00
-9903.29	-13.40
-9888.87	1.00
-9874.47	6.60
-9860.09	6.00
-9845.73	6.00
-9831.38	7.20
-9817.06	-19.40
-9802.75	-17.20
-9788.46	9.40
-9774.18	6.40
-9759.93	-4.40
-9745.69	-5.60
-9731.47	5.80
-9717.26	-45.40
-9703.08	-8.20
-9688.91	2.00
-9674.76	-1.80
-9660.63	4.40
-9646.51	15.60
-9632.41	4.20
-9618.33	2.20
-9604.27	-1.80
-9590.22	12.00
-9576.19	-0.60
-9562.18	16.00
-9548.18	3.80
-9534.20	5.00
-9520.24	4.20
-9506.30	4.20
-9492.37	-0.60
-9478.46	10.40
-9464.57	3.00
-9450.69	-3.80
-9436.83	2.60
-9422.99	5.20
-9409.16	1.40
-9395.35	-6.60
-9381.56	-4.20
-9367.79	-3.00
-9354.03	-12.20
-9340.29	8.60
-9326.56	9.40
-9312.85	0.00
-9299.16	-0.80
-9285.49	-7.20
-9271.83	-4.20
-9258.18	6.40
-9244.56	16.40
-9230.95	-11.00
-9217.36	3.20
-9203.78	-20.60
-9190.22	6.20
-9176.68	1.40
-9163.15	-5.40
-9149.64	1.40
-9136.14	6.00
-9122.66	-2.00
-9109.20	-2.60
-9095.75	4.60
-9082.32	-6.80
-9068.91	-13.60
-9055.51	-8.20
-9042.13	-1.20
-9028.76	-12.00
-9015.41	7.00
-9002.08	-12.20
-8988.76	10.00
-8975.46	21.00
-8962.17	-2.40
-8948.90	-3.00
-8935.65	-14.00
-8922.41	-19.40
-8909.18	-4.20
-8895.98	3.60
-8882.78	-7.80
-8869.61	4.00
-8856.45	5.80
-8843.30	3.80
-8830.17	4.60
-8817.06	8.20
-8803.96	3.60
-8790.88	-7.20
-8777.81	7.80
-8764.76	-14.80
-8751.72	0.20
-8738.70	3.80
-8725.69	-9.40
-8712.70	2.40
-8699.73	1.40
-8686.77	3.20
-8673.82	4.60
-8660.90	-0.60
-8647.98	-5.00
-8635.08	-1.80
-8622.20	-2.80
-8609.33	20.20
-8596.48	5.20
-8583.64	7.20
-8570.81	5.80
-8558.01	3.40
-8545.21	7.60
-8532.43	-5.80
-8519.67	1.60
-8506.92	0.60
-8494.19	18.00
-8481.47	-1.00
-8468.77	-9.00
-8456.08	-0.20
-8443.40	-3.20
-8430.74	6.40
-8418.10	0.40
-8405.47	4.60
-8392.85	-1.20
-8380.25	-5.80
-8367.66	4.60
-8355.09	6.60
-8342.53	-43.00
-8329.99	-9.40
-8317.46	-1.20
-8304.95	8.60
-8292.45	12.40
-8279.97	2.60
-8267.50	4.40
-8255.04	18.60
-8242.60	-1.40
-8230.17	12.20
-8217.76	2.20
-8205.36	12.00
-8192.98	1.00
-8180.61	4.80
-8168.25	-3.40
-8155.91	8.80
-8143.58	-5.60
-8131.27	3.60
-8118.97	-6.80
-8106.68	8.60
-8094.41	13.00
-8082.16	-5.00
-8069.91	-0.60
-8057.68	5.60
-8045.47	8.00
-8033.27	2.40
-8021.08	5.20
-8008.91	1.00
-7996.75	6.00
-7984.60	-20.60
-7972.47	12.40
-7960.35	-0.40
-7948.25	9.40
-7936.16	-4.00
-7924.08	-20.60
-7912.02	-5.40
-7899.97	-6.00
-7887.94	-6.00
-7875.92	-6.80
-7863.91	2.20
-7851.91	-6.60
-7839.93	-5.80
-7827.97	1.00
-7816.01	14.00
-7804.07	12.40
-7792.14	17.60
-7780.23	14.00
-7768.33	7.60
-7756.44	0.40
-7744.57	-2.00
-7732.71	-2.20
-7720.87	11.80
-7709.03	9.00
-7697.21	18.60
-7685.41	4.20
-7673.61	8.00
-7661.83	0.40
-7650.07	-1.40
-7638.31	4.60
-7626.57	-15.00
-7614.85	10.00
-7603.13	5.00
-7591.43	9.80
-7579.74	-4.80
-7568.07	2.20
-7556.41	3.20
-7544.76	1.80
-7533.12	-9.60
-7521.50	3.40
-7509.89	4.20
-7498.29	-5.20
-7486.71	1.00
-7475.14	7.20
-7463.58	11.40
-7452.03	9.60
-7440.50	-0.40
-7428.98	-8.00
-7417.48	1.80
-7405.98	4.60
-7394.50	2.60
-7383.03	-0.60
-7371.57	-6.60
-7360.13	0.80
-7348.70	3.60
-7337.28	-14.20
-7325.88	-3.20
-7314.48	-25.00
-7303.10	-111.60
-7291.74	-17.60
-7280.38	2.00
-7269.04	-6.20
-7257.71	-1.00
-7246.39	11.00
-7235.08	1.00
-7223.79	-4.20
-7212.51	-4.20
-7201.24	6.60
-7189.99	4.80
-7178.74	2.60
-7167.51	-6.80
-7156.29	-11.60
-7145.09	-4.40
-7133.89	-97.80
-7122.71	-15.60
-7111.54	-4.40
-7100.38	-0.60
-7089.24	-3.80
-7078.11	12.20
-7066.98	1.80
-7055.87	6.40
-7044.78	8.00
-7033.69	0.20
-7022.62	-2.20
-7011.56	9.00
-7000.51	-5.60
-6989.47	0.00
-6978.45	2.00
-6967.44	-1.20
-6956.44	13.00
-6945.45	-9.00
-6934.47	4.60
-6923.50	8.60
-6912.55	0.80
-6901.61	-8.20
-6890.68	2.40
-6879.76	-4.60
-6868.86	-7.00
-6857.96	0.60
-6847.08	-5.40
-6836.21	-10.20
-6825.35	-10.60
-6814.50	1.00
-6803.67	6.40
-6792.84	5.20
-6782.03	-4.00
-6771.23	-0.40
-6760.44	1.20
-6749.66	-5.60
-6738.90	-0.20
-6728.14	1.80
-6717.40	-5.40
-6706.67	12.60
-6695.95	9.80
-6685.24	-10.40
-6674.54	-15.80
-6663.86	6.20
-6653.18	7.60
-6642.52	-15.20
-6631.87	1.60
-6621.23	-1.20
-6610.60	-9.00
-6599.98	3.80
-6589.38	0.60
-6578.78	-13.60
-6568.20	-9.20
-6557.63	-10.60
-6547.07	2.60
-6536.52	10.00
-6525.98	-6.40
-6515.45	-2.00
-6504.93	2.20
-6494.43	-8.80
-6483.93	14.60
-6473.45	0.80
-6462.98	-0.80
-6452.52	-4.20
-6442.07	-3.20
-6431.63	1.40
-6421.20	0.80
-6410.79	9.40
-6400.38	-10.60
-6389.99	-2.00
-6379.60	-0.60
-6369.23	15.00
-6358.87	10.80
-6348.52	9.20
-6338.18	1.80
-6327.85	5.60
-6317.53	5.20
-6307.22	-17.40
-6296.92	17.20
-6286.64	-2.40
-6276.36	9.00
-6266.10	-1.20
-6255.84	4.40
-6245.60	-3.80
-6235.37	-8.00
-6225.15	11.20
-6214.94	-7.00
-6204.74	0.80
-6194.55	10.00
-6184.37	-7.60
-6174.20	5.60
-6164.04	5.40
-6153.89	8.20
-6143.76	-5.60
-6133.63	-9.80
-6123.52	1.20
-6113.41	16.00
-6103.32	15.00
-6093.23	-0.20
-6083.16	14.00
-6073.10	4.60
-6063.04	-12.20
-6053.00	-19.40
-6042.97	-1.20
-6032.95	2.40
-6022.94	4.40
-6012.93	23.20
-6002.94	2.80
-5992.96	8.40
-5982.99	5.40
-5973.03	-4.20
-5963.08	11.80
-5953.15	1.40
-5943.22	-3.20
-5933.30	-3.80
-5923.39	4.60
-5913.49	-6.20
-5903.60	8.80
-5893.73	2.40
-5883.86	0.80
-5874.00	3.60
-5864.15	2.80
-5854.31	1.20
-5844.49	-1.40
-5834.67	3.80
-5824.86	5.80
-5815.06	-1.40
-5805.28	0.20
-5795.50	-14.20
-5785.73	-3.60
-5775.98	-4.20
-5766.23	10.20
-5756.49	-1.00
-5746.76	-6.40
-5737.05	-22.20
-5727.34	3.80
-5717.64	6.60
-5707.95	0.20
-5698.27	1.00
-5688.61	-5.00
-5678.95	-7.80
-5669.30	9.00
-5659.66	-2.00
-5650.03	2.00
-5640.41	4.60
-5630.80	0.40
-5621.20	0.80
-5611.61	-2.00
-5602.03	-8.20
-5592.46	4.40
-5582.90	6.00
-5573.35	7.00
-5563.81	13.40
-5554.27	-15.60
-5544.75	-11.20
-5535.24	-1.60
-5525.73	-2.80
-5516.24	-9.60
-5506.76	-10.20
-5497.28	-4.80
-5487.82	10.00
-5478.36	-0.40
-5468.91	15.00
-5459.48	2.20
-5450.05	9.40
-5440.63	3.40
-5431.22	11.40
-5421.83	13.00
-5412.44	-2.00
-5403.06	-5.60
-5393.69	0.40
-5384.32	-5.80
-5374.97	0.40
-5365.63	5.20
-5356.30	-4.80
-5346.97	5.20
-5337.66	3.20
-5328.35	-10.20
-5319.05	-4.20
-5309.77	5.80
-5300.49	7.00
-5291.22	7.00
-5281.96	8.00
-5272.71	-5.80
-5263.47	6.40
-5254.24	0.20
-5245.02	2.40
-5235.80	-2.80
-5226.60	-14.40
-5217.40	-5.40
-5208.22	-14.80
-5199.04	-11.20
-5189.87	-14.60
-5180.71	6.00
-5171.56	17.20
-5162.42	-8.60
-5153.29	-1.00
-5144.17	22.80
-5135.05	-7.40
-5125.95	6.80
-5116.85	17.20
-5107.77	-13.40
-5098.69	6.80
-5089.62	-0.80
-5080.56	-1.20
-5071.51	15.20
-5062.47	6.60
-5053.43	-4.60
-5044.41	-5.60
-5035.39	-10.60
-5026.39	10.20
-5017.39	10.20
-5008.40	5.40
-4999.42	-1.80
-4990.45	5.40
-4981.48	-2.00
-4972.53	3.20
-4963.58	7.00
-4954.65	-5.20
-4945.72	-15.80
-4936.80	-6.40
-4927.89	0.00
-4918.99	6.40
-4910.10	3.60
-4901.21	5.00
-4892.33	2.80
-4883.47	10.20
-4874.61	-2.80
-4865.76	-16.20
-4856.92	11.80
-4848.08	4.00
-4839.26	-3.20
-4830.44	2.00
-4821.64	5.40
-4812.84	-4.40
-4804.05	0.80
-4795.27	-23.80
-4786.49	11.00
-4777.73	0.00
-4768.97	13.40
-4760.23	7.20
-4751.49	0.20
-4742.76	1.00
-4734.03	3.20
-4725.32	-8.60
-4716.61	-18.00
-4707.92	1.80
-4699.23	-4.20
-4690.55	-10.00
-4681.87	1.40
-4673.21	12.80
-4664.56	-6.00
-4655.91	10.40
-4647.27	-12.80
-4638.64	-2.60
-4630.02	17.80
-4621.40	12.80
-4612.80	12.00
-4604.20	-8.40
-4595.61	7.40
-4587.03	-6.40
-4578.46	8.40
-4569.89	2.00
-4561.33	5.00
-4552.79	-3.80
-4544.25	-2.80
-4535.71	-2.80
-4527.19	17.60
-4518.67	-10.00
-4510.17	-8.00
-4501.67	4.60
-4493.17	-2.40
-4484.69	4.20
-4476.22	8.20
-4467.75	-21.80
-4459.29	1.00
-4450.84	4.80
-4442.39	-4.20
-4433.96	1.00
-4425.53	7.60
-4417.11	-7.80
-4408.70	35.20
-4400.30	5.80
-4391.90	-10.40
-4383.51	5.20
-4375.14	7.80
-4366.76	0.20
-4358.40	-5.80
-4350.04	3.40
-4341.70	-2.80
-4333.36	0.00
-4325.02	-9.20
-4316.70	-6.80
-4308.38	4.80
-4300.07	0.40
-4291.77	-0.20
-4283.48	14.60
-4275.19	1.80
-4266.92	-4.20
-4258.65	-0.80
-4250.38	-1.20
-4242.13	-15.00
-4233.88	0.60
-4225.65	-6.60
-4217.41	-9.40
-4209.19	-1.40
-4200.98	-4.40
-4192.77	-11.60
-4184.57	-3.40
-4176.37	1.20
-4168.19	3.40
-4160.01	2.40
-4151.84	3.80
-4143.68	-2.20
-4135.53	3.60
-4127.38	-4.80
-4119.24	-17.60
-4111.11	1.80
-4102.98	-3.60
-4094.87	-4.60
-4086.76	5.20
-4078.66	-5.40
-4070.56	13.20
-4062.47	6.40
-4054.40	-0.60
-4046.32	-16.80
-4038.26	9.00
-4030.20	12.40
-4022.15	-6.40
-4014.11	5.80
-4006.08	-0.40
-3998.05	9.80
-3990.03	6.00
-3982.02	0.20
-3974.02	2.80
-3966.02	-6.40
-3958.03	8.40
-3950.05	4.20
-3942.07	-11.40
-3934.10	5.20
-3926.14	11.40
-3918.19	1.40
-3910.24	13.20
-3902.30	-8.40
-3894.37	10.60
-3886.45	16.60
-3878.53	9.20
-3870.62	-7.20
-3862.72	-2.40
-3854.83	-3.00
-3846.94	17.80
-3839.06	-7.40
-3831.18	-4.40
-3823.32	2.00
-3815.46	-8.60
-3807.61	4.20
-3799.76	-6.20
-3791.93	-4.00
-3784.10	12.00
-3776.27	-2.80
-3768.46	-8.60
-3760.65	4.40
-3752.85	1.80
-3745.05	5.00
-3737.27	1.60
-3729.48	4.40
-3721.71	0.80
-3713.95	-3.80
-3706.19	-11.00
-3698.43	0.20
-3690.69	14.60
-3682.95	-8.00
-3675.22	-1.80
-3667.50	4.80
-3659.78	-0.80
-3652.07	-1.80
-3644.37	12.20
-3636.67	9.00
-3628.98	2.40
-3621.30	0.80
-3613.62	1.60
-3605.95	3.00
-3598.29	-7.20
-3590.64	-5.40
-3582.99	-2.40
-3575.35	30.60
-3567.72	9.60
-3560.09	1.00
-3552.47	28.00
-3544.86	2.60
-3537.25	2.80
-3529.65	11.20
-3522.06	1.80
-3514.47	-6.40
-3506.89	-5.80
-3499.32	-0.60
-3491.76	6.60
-3484.20	5.20
-3476.65	7.20
-3469.10	7.20
-3461.56	11.80
-3454.03	3.00
-3446.51	-2.20
-3438.99	-0.60
-3431.48	-8.20
-3423.97	0.40
-3416.47	0.80
-3408.98	9.40
-3401.50	2.20
-3394.02	8.40
-3386.55	-3.20
-3379.08	-9.80
-3371.63	2.00
-3364.17	0.20
-3356.73	-5.00
-3349.29	3.60
-3341.86	-5.20
-3334.44	6.80
-3327.02	1.40
-3319.61	-0.40
-3312.20	10.40
-3304.80	9.40
-3297.41	-23.00
-3290.02	0.40
-3282.65	2.40
-3275.27	-0.80
-3267.91	4.00
-3260.55	7.40
-3253.20	1.20
-3245.85	-1.00
-3238.51	-1.20
-3231.18	-2.20
-3223.85	2.00
-3216.53	4.80
-3209.21	20.60
-3201.91	3.20
-3194.61	-5.00
-3187.31	6.00
-3180.02	-8.00
-3172.74	-1.80
-3165.47	4.00
-3158.20	4.20
-3150.93	-3.40
-3143.68	0.40
-3136.43	0.60
-3129.19	5.40
-3121.95	-5.40
-3114.72	8.20
-3107.49	10.40
-3100.27	-11.40
-3093.06	7.20
-3085.86	-3.00
-3078.66	7.40
-3071.47	-1.80
-3064.28	-1.60
-3057.10	13.40
-3049.92	5.80
-3042.76	-8.40
-3035.59	1.00
-3028.44	3.60
-3021.29	5.40
-3014.15	10.80
-3007.01	2.40
-2999.88	-2.00
-2992.76	-3.00
-2985.64	21.00
-2978.53	0.20
-2971.42	13.20
-2964.32	3.20
-2957.23	6.80
-2950.14	-5.00
-2943.06	-9.40
-2935.98	7.40
-2928.92	12.80
-2921.85	-16.60
-2914.80	-6.80
-2907.75	5.20
-2900.70	0.60
-2893.66	-1.40
-2886.63	12.00
-2879.61	12.60
-2872.59	5.40
-2865.57	18.60
-2858.56	4.80
-2851.56	8.60
-2844.57	-9.40
-2837.58	-5.80
-2830.59	5.40
-2823.62	-8.60
-2816.64	8.80
-2809.68	-1.80
-2802.72	-6.00
-2795.76	4.20
-2788.82	-4.00
-2781.87	0.80
-2774.94	7.60
-2768.01	4.00
-2761.08	9.80
-2754.17	17.00
-2747.25	10.60
-2740.35	12.00
-2733.45	-4.20
-2726.55	-4.60
-2719.67	7.80
-2712.78	6.40
-2705.91	2.20
-2699.04	15.40
-2692.17	-8.20
-2685.31	-4.80
-2678.46	1.60
-2671.61	1.80
-2664.77	-0.80
-2657.93	-5.00
-2651.10	21.80
-2644.28	2.20
-2637.46	-5.40
-2630.65	4.20
-2623.84	3.20
-2617.04	1.80
-2610.25	-3.40
-2603.46	3.80
-2596.67	4.60
-2589.89	-2.20
-2583.12	0.20
-2576.36	0.00
-2569.60	-18.40
-2562.84	1.00
-2556.09	3.60
-2549.35	0.60
-2542.61	14.00
-2535.88	11.00
-2529.15	8.40
-2522.43	17.80
-2515.72	-3.20
-2509.01	4.00
-2502.30	2.40
-2495.60	0.20
-2488.91	9.40
-2482.22	-1.60
-2475.54	4.60
-2468.87	-17.00
-2462.20	0.00
-2455.53	-5.20
-2448.87	0.00
-2442.22	4.40
-2435.57	-5.60
-2428.93	-9.00
-2422.30	-13.20
-2415.67	2.20
-2409.04	12.60
-2402.42	13.20
-2395.81	-0.20
-2389.20	9.80
-2382.59	9.60
-2376.00	0.00
-2369.40	-17.40
-2362.82	-3.20
-2356.24	1.40
-2349.66	0.00
-2343.09	5.80
-2336.53	6.20
-2329.97	13.20
-2323.41	4.80
-2316.87	0.60
-2310.32	8.40
-2303.79	5.80
-2297.25	1.00
-2290.73	0.00
-2284.21	-4.60
-2277.69	9.80
-2271.18	-3.60
-2264.68	0.00
-2258.18	6.40
-2251.68	11.40
-2245.19	6.60
-2238.71	-4.20
-2232.23	7.20
-2225.76	-8.00
-2219.29	-11.40
-2212.83	-12.20
-2206.38	0.40
-2199.92	-2.80
-2193.48	-4.40
-2187.04	4.60
-2180.60	-1.20
-2174.17	-0.80
-2167.75	5.00
-2161.33	3.40
-2154.92	6.80
-2148.51	-8.00
-2142.10	10.40
-2135.71	3.20
-2129.31	-2.00
-2122.93	-138.20
-2116.54	-2.80
-2110.17	8.20
-2103.80	7.20
-2097.43	7.80
-2091.07	1.80
-2084.71	8.60
-2078.36	9.40
-2072.02	3.60
-2065.68	5.80
-2059.34	14.20
-2053.01	6.00
-2046.69	6.80
-2040.37	1.00
-2034.05	-1.20
-2027.74	2.00
-2021.44	-12.00
-2015.14	16.20
-2008.84	-3.20
-2002.56	-8.80
-1996.27	-11.40
-1989.99	5.00
-1983.72	-4.40
-1977.45	-1.60
-1971.19	-3.80
-1964.93	-7.80
-1958.68	-2.60
-1952.43	-5.40
-1946.19	11.60
-1939.95	2.00
-1933.72	11.60
-1927.49	7.20
-1921.27	-0.80
-1915.05	14.60
-1908.84	11.00
-1902.63	3.00
-1896.43	-3.40
-1890.23	4.00
-1884.04	5.60
-1877.85	13.00
-1871.67	7.60
-1865.49	-3.60
-1859.32	1.80
-1853.15	-1.60
-1846.99	-8.40
-1840.83	-0.60
-1834.68	7.20
-1828.53	-3.60
-1822.39	14.60
-1816.25	-5.80
-1810.12	4.20
-1803.99	6.40
-1797.87	-0.60
-1791.75	-1.00
-1785.64	-4.60
-1779.53	-2.20
-1773.43	14.80
-1767.33	-2.60
-1761.24	10.80
-1755.15	2.60
-1749.06	-3.20
-1742.99	9.60
-1736.91	14.60
-1730.84	-12.40
-1724.78	-5.40
-1718.72	0.20
-1712.67	3.20
-1706.62	-1.00
-1700.57	-2.40
-1694.53	7.80
-1688.50	68.00
-1682.47	-2.60
-1676.44	16.80
-1670.42	14.60
-1664.41	10.20
-1658.40	4.20
-1652.39	-4.60
-1646.39	10.60
-1640.39	7.60
-1634.40	-4.60
-1628.41	10.80
-1622.43	-2.80
-1616.45	-5.20
-1610.48	13.40
-1604.51	17.60
-1598.55	1.40
-1592.59	-1.20
-1586.64	8.80
-1580.69	2.00
-1574.74	3.60
-1568.80	2.00
-1562.87	2.00
-1556.94	9.00
-1551.01	8.60
-1545.09	0.20
-1539.18	-12.20
-1533.27	3.80
-1527.36	6.20
-1521.46	13.80
-1515.56	4.60
-1509.67	0.80
-1503.78	2.00
-1497.90	-2.00
-1492.02	7.60
-1486.14	6.00
-1480.27	3.80
-1474.41	2.80
-1468.55	16.00
-1462.69	3.20
-1456.84	11.40
-1451.00	6.20
-1445.15	7.00
-1439.32	4.00
-1433.48	4.60
-1427.66	-5.40
-1421.83	8.60
-1416.01	1.60
-1410.20	8.00
-1404.39	7.40
-1398.58	2.00
-1392.78	-5.20
-1386.99	-5.20
-1381.19	13.00
-1375.41	-5.80
-1369.62	1.20
-1363.85	-6.20
-1358.07	10.00
-1352.30	3.20
-1346.54	2.20
-1340.78	10.40
-1335.02	3.20
-1329.27	-1.80
-1323.53	-3.60
-1317.78	2.00
-1312.05	2.20
-1306.31	-7.20
-1300.58	1.20
-1294.86	3.60
-1289.14	8.40
-1283.42	-0.60
-1277.71	-1.40
-1272.01	-1.80
-1266.31	13.00
-1260.61	2.20
-1254.91	-6.40
-1249.23	16.60
-1243.54	-10.40
-1237.86	4.80
-1232.19	1.40
-1226.51	-7.40
-1220.85	-1.60
-1215.19	14.60
-1209.53	7.40
-1203.87	-7.20
-1198.22	-7.80
-1192.58	1.80
-1186.94	-13.20
-1181.30	-8.80
-1175.67	-2.00
-1170.04	-9.60
-1164.42	-5.60
-1158.80	-9.80
-1153.19	-20.20
-1147.58	21.20
-1141.97	1.60
-1136.37	-5.80
-1130.77	9.00
-1125.18	-1157.00
-1119.59	-120.80
-1114.01	-4.80
-1108.43	-9.40
-1102.85	9.60
-1097.28	20.40
-1091.71	-0.80
-1086.15	-12.20
-1080.59	3.20
-1075.03	9.80
-1069.48	-12.00
-1063.94	-7.00
-1058.40	3.20
-1052.86	-7.00
-1047.33	-3.80
-1041.80	-6.40
-1036.27	-5.60
-1030.75	-8.60
-1025.24	-0.60
-1019.72	5.20
-1014.21	4.80
-1008.71	0.80
-1003.21	-10.40
-997.72	-7.40
-992.22	-24.00
-986.74	14.40
-981.26	-7.00
-975.78	10.60
-970.30	2.60
-964.83	-4.60
-959.37	-1.20
-953.90	6.00
-948.45	2.60
-942.99	1.60
-937.54	3.20
-932.10	-13.40
-926.66	-13.20
-921.22	8.80
-915.78	-7.00
-910.36	5.00
-904.93	-13.60
-899.51	-2.40
-894.09	1.20
-888.68	2.60
-883.27	-5.80
-877.87	-2.20
-872.47	5.60
-867.07	3.00
-861.68	-0.40
-856.29	5.80
-850.91	10.60
-845.53	2.60
-840.15	5.40
-834.78	-3.20
-829.41	-2.60
-824.05	1.20
-818.69	2.80
-813.33	-12.20
-807.98	-5.60
-802.63	4.00
-797.29	7.40
-791.95	-4.60
-786.61	-3.60
-781.28	12.40
-775.95	-1.80
-770.63	9.40
-765.31	5.20
-759.99	10.00
-754.68	-3.80
-749.38	-9.20
-744.07	-11.00
-738.77	-13.80
-733.48	10.80
-728.18	6.60
-722.90	4.80
-717.61	-0.20
-712.33	11.20
-707.06	-4.00
-701.78	8.00
-696.52	-0.80
-691.25	-3.20
-685.99	16.60
-680.73	4.80
-675.48	4.40
-670.23	11.40
-664.99	1.60
-659.75	3.80
-654.51	5.40
-649.28	-0.40
-644.05	13.40
-638.82	14.40
-633.60	-3.00
-628.38	-0.60
-623.17	9.40
-617.96	5.20
-612.75	11.00
-607.55	10.60
-602.35	7.80
-597.16	20.40
-591.97	12.20
-586.78	-13.20
-581.60	0.80
-576.42	3.20
-571.24	-1.40
-566.07	-1.40
-560.91	14.00
-555.74	5.80
-550.58	12.60
-545.43	25.00
-540.27	-5.80
-535.12	6.40
-529.98	23.60
-524.84	3.80
-519.70	2.00
-514.57	0.80
-509.44	-3.60
-504.31	-4.20
-499.19	17.40
-494.07	11.40
-488.96	19.60
-483.85	19.20
-478.74	5.00
-473.64	-1.40
-468.54	8.40
-463.44	47.80
-458.35	-0.40
-453.26	21.00
-448.17	21.60
-443.09	10.40
-438.02	21.20
-432.94	17.60
-427.87	27.60
-422.81	20.20
-417.74	13.80
-412.69	34.80
-407.63	10.40
-402.58	12.60
-397.53	25.20
-392.49	23.80
-387.45	18.80
-382.41	31.80
-377.38	26.20
-372.35	18.60
-367.32	16.40
-362.30	12.00
-357.28	27.20
-352.27	28.00
-347.26	19.80
-342.25	22.60
-337.24	15.40
-332.24	23.00
-327.25	16.00
-322.25	25.40
-317.27	25.00
-312.28	14.40
-307.30	35.60
-302.32	23.20
-297.34	28.00
-292.37	36.40
-287.40	19.80
-282.44	25.00
-277.48	28.80
-272.52	19.40
-267.57	28.60
-262.62	21.20
-257.67	22.20
-252.73	29.40
-247.79	34.20
-242.86	19.00
-237.92	24.00
-233.00	28.20
-228.07	21.40
-223.15	13.60
-218.23	11.20
-213.32	4.40
-208.41	23.80
-203.50	4.60
-198.60	14.00
-193.70	21.40
-188.80	21.80
-183.91	17.60
-179.02	10.00
-174.13	27.00
-169.25	10.20
-164.37	26.00
-159.49	20.40
-154.62	7.60
-149.75	14.40
-144.89	31.80
-140.03	12.00
-135.17	14.60
-130.31	24.40
-125.46	23.00
-120.61	30.00
-115.77	31.60
-110.93	21.20
-106.09	10.40
-101.26	23.80
-96.43	28.40
-91.60	31.40
-86.78	34.00
-81.96	26.20
-77.14	43.00
-72.33	39.40
-67.52	29.40
-62.71	35.00
-57.91	51.40
-53.11	57.20
-48.31	49.80
-43.52	55.80
-38.73	69.60
-33.94	84.40
-29.16	98.20
-24.38	125.20
-19.60	198.60
-14.83	1348.20
-10.06	13477.20
-5.30	15499.80
-0.53	15718.60
4.23	15727.00
8.98	15405.20
13.73	8461.20
18.48	2753.80
23.23	508.20
27.97	164.20
32.71	109.60
37.44	88.00
42.18	58.80
46.91	67.00
51.63	61.80
56.35	50.40
61.07	58.00
65.79	70.00
70.50	61.00
75.21	73.60
79.91	127.40
84.62	273.80
89.32	485.40
94.01	771.40
98.70	1019.80
103.39	1198.00
108.08	1210.00
112.76	1180.20
117.44	1180.20
122.12	1114.40
126.79	1046.40
131.46	1031.80
136.13	1036.80
140.79	1023.20
145.45	985.20
150.10	948.80
154.76	927.80
159.41	992.40
164.05	1062.60
168.70	1038.60
173.34	1101.40
177.97	1029.40
182.61	1016.60
187.24	1005.40
191.87	992.80
196.49	1072.20
201.11	1048.60
205.73	1033.40
210.34	1082.80
214.95	1103.80
219.56	1139.60
224.17	1154.80
228.77	1144.20
233.37	1164.20
237.96	1222.80
242.55	1280.20
247.14	1284.00
251.73	1254.20
256.31	1204.40
260.89	1271.00
265.46	1319.60
270.04	1307.20
274.61	1279.00
279.17	1299.00
283.74	1331.40
288.30	1324.00
292.85	1396.80
297.41	1376.80
301.96	1358.20
306.51	1430.80
311.05	1456.20
315.59	1499.40
320.13	1500.40
324.67	1565.80
329.20	1624.80
333.73	1520.20
338.25	1554.80
342.78	1580.00
347.29	1671.40
351.81	1709.40
356.32	1643.40
360.83	1716.80
365.34	1733.80
369.85	1827.00
374.35	1793.20
378.84	1849.00
383.34	1909.40
387.83	1975.60
392.32	1978.60
396.80	2055.00
401.29	2140.40
405.77	2215.00
410.24	2237.40
414.72	2332.20
419.19	2329.40
423.65	2225.80
428.12	2338.40
432.58	2509.40
437.04	2463.00
441.49	2417.60
445.94	2454.00
450.39	2456.00
454.84	2617.00
459.28	2597.40
463.72	2552.80
468.16	2538.00
472.59	2556.80
477.02	2592.40
481.45	2605.40
485.87	2520.20
490.29	2568.60
494.71	2605.40
499.13	2601.80
503.54	2646.80
507.95	2741.80
512.36	2658.60
516.76	2600.20
521.16	2534.60
525.56	2667.00
529.95	2721.60
534.34	2706.00
538.73	2626.40
543.12	2768.80
547.50	2740.60
551.88	2649.40
556.26	2620.40
560.63	2695.20
565.00	2722.80
569.37	2766.80
573.73	2679.60
578.10	2701.80
582.46	2703.40
586.81	2714.20
591.16	2786.20
595.51	2829.20
599.86	2713.20
604.21	2751.80
608.55	2809.20
612.89	2795.80
617.22	2797.80
621.55	2789.20
625.88	2787.00
630.21	2782.20
634.53	2767.80
638.86	2815.80
643.17	2816.60
647.49	2803.80
651.80	2741.20
656.11	2892.80
660.42	2837.40
664.72	2858.00
669.02	2766.40
673.32	2760.00
677.61	2784.60
681.91	2676.40
686.19	2652.80
690.48	2895.40
694.76	2838.20
699.04	2785.20
703.32	2779.60
707.60	2771.20
711.87	2684.80
716.14	2770.80
720.40	2863.60
724.67	2948.60
728.93	2831.40
733.19	2813.80
737.44	2748.40
741.69	2811.00
745.94	2915.60
750.19	2849.60
754.43	2842.40
758.67	2788.60
762.91	2797.00
767.15	2996.60
771.38	2961.20
775.61	3053.20
779.83	2990.40
784.06	2946.20
788.28	2857.80
792.50	2832.00
796.71	2901.80
800.93	2964.60
805.14	2930.20
809.34	2911.20
813.55	2969.20
817.75	2995.60
821.95	2940.80
826.14	2996.60
830.34	2993.60
834.53	2988.00
838.71	2941.40
842.90	2952.00
847.08	3048.20
851.26	3048.00
855.44	3089.60
859.61	2979.00
863.78	2955.00
867.95	2948.20
872.11	3038.40
876.28	3086.20
880.44	3232.80
884.59	3338.40
888.75	3238.80
892.90	3202.60
897.05	3193.80
901.20	3097.80
905.34	3097.40
909.48	3217.00
913.62	3287.40
917.75	3400.40
921.89	3387.60
926.02	3473.40
930.14	3405.40
934.27	3290.40
938.39	3272.80
942.51	3525.20
946.63	3670.80
950.74	3615.00
954.85	3541.20
958.96	3463.40
963.06	3393.60
967.17	3212.20
971.27	3309.20
975.37	3280.00
979.46	3178.80
983.55	3162.60
987.64	3234.20
991.73	3172.00
995.81	3152.80
999.89	3219.80
1003.97	3265.40
1008.05	3297.40
1012.12	3453.80
1016.19	3307.60
1020.26	3326.40
1024.33	3461.60
1028.39	3388.40
1032.45	3411.20
1036.51	3453.60
1040.56	3498.00
1044.62	3583.00
1048.67	3562.20
1052.71	3647.20
1056.76	3551.20
1060.80	3724.40
1064.84	3611.40
1068.88	3646.60
1072.91	3667.20
1076.94	3546.40
1080.97	3500.40
1085.00	3462.00
1089.02	3427.00
1093.04	3532.80
1097.06	3603.20
1101.07	3501.20
1105.09	3564.60
1109.10	3514.20
1113.11	3488.20
1117.11	3495.20
1121.11	3689.00
1125.11	3886.40
1129.11	3927.00
1133.11	3891.80
1137.10	3779.60
1141.09	3504.60
1145.08	3506.00
1149.06	3412.20
1153.04	3321.60
1157.02	3375.20
1161.00	3523.60
1164.97	3443.20
1168.95	3537.20
1172.92	3488.40
1176.88	3391.40
1180.85	3482.00
1184.81	3447.60
1188.77	3411.80
1192.72	3401.00
1196.68	3368.60
1200.63	3455.80
1204.58	3554.40
1208.53	3651.20
1212.47	3734.60
1216.41	3745.00
1220.35	3671.80
1224.29	3653.20
1228.22	3771.20
1232.15	3695.40
1236.08	3719.80
1240.01	3864.40
1243.93	3758.00
1247.85	3620.80
1251.77	3727.20
1255.69	3771.80
1259.60	3670.80
1263.51	3596.00
1267.42	3793.60
1271.33	4072.20
1275.23	4070.60
1279.13	3900.20
1283.03	3993.60
1286.93	4229.00
1290.82	4162.00
1294.71	4319.80
1298.60	4375.80
1302.49	4333.40
1306.37	4228.00
1310.25	4048.80
1314.13	4084.20
1318.01	4187.20
1321.88	3949.60
1325.75	3915.20
1329.62	4015.60
1333.49	4029.40
1337.35	4000.00
1341.22	3894.80
1345.07	3738.60
1348.93	3807.40
1352.79	3810.20
1356.64	3917.20
1360.49	4059.40
1364.33	3930.40
1368.18	4031.40
1372.02	4054.60
1375.86	4213.40
1379.70	4147.80
1383.53	3959.00
1387.37	4268.00
1391.20	4079.20
1395.02	4047.40
1398.85	3989.80
1402.67	3876.60
1406.49	3806.60
1410.31	3889.60
1414.13	4118.80
1417.94	4300.20
1421.75	4381.00
1425.56	4359.80
1429.37	4483.40
1433.17	4655.20
1436.97	4877.40
1440.77	4992.40
1444.57	4936.20
1448.36	4896.60
1452.15	4755.20
1455.94	4498.00
1459.73	4319.00
1463.51	4238.00
1467.30	4162.00
1471.08	4194.60
1474.85	4386.20
1478.63	4550.20
1482.40	4432.20
1486.17	4326.60
1489.94	4301.20
1493.70	4356.40
1497.47	4293.00
1501.23	4074.20
1504.99	4136.60
1508.74	4182.00
1512.50	4308.60
1516.25	4177.40
1520.00	4095.00
1523.75	4099.00
1527.49	4307.40
1531.23	4389.40
1534.97	4511.20
1538.71	4564.60
1542.44	4425.00
1546.18	4402.20
1549.91	4385.00
1553.64	4390.40
1557.36	4423.40
1561.09	4310.20
1564.81	4434.60
1568.53	4524.80
1572.24	4503.60
1575.96	4515.40
1579.67	4611.80
1583.38	4523.00
1587.09	4569.60
1590.79	4514.00
1594.49	4445.60
1598.19	4631.80
1601.89	4508.20
1605.59	4545.20
1609.28	4701.80
1612.97	4656.00
1616.66	4818.00
1620.35	4840.20
1624.03	4935.40
1627.72	4971.60
1631.40	5121.20
1635.07	5177.40
1638.75	5428.80
1642.42	5394.20
1646.09	5270.80
1649.76	5301.20
1653.43	5118.80
1657.09	5072.80
1660.76	4898.20
1664.41	4934.00
1668.07	4892.80
1671.73	4906.00
1675.38	4895.00
1679.03	4949.00
1682.68	4984.60
1686.32	5061.40
1689.97	5001.40
1693.61	4865.80
1697.25	4802.40
1700.89	4742.20
1704.52	4802.00
1708.15	4882.80
1711.78	4971.20
1715.41	4999.60
1719.04	5107.00
1722.66	4890.40
1726.28	4993.20
1729.90	4958.80
1733.52	5176.40
1737.14	5285.20
1740.75	5232.60
1744.36	5068.40
1747.97	4863.60
1751.57	4930.60
1755.18	5012.80
1758.78	4887.00
1762.38	4976.20
1765.97	5031.80
1769.57	4848.00
1773.16	4956.20
1776.75	5048.20
1780.34	4976.20
1783.93	5004.40
1787.51	5111.00
1791.09	5123.40
1794.67	5223.80
1798.25	5294.40
1801.83	5183.60
1805.40	5291.40
1808.97	5098.80
1812.54	4991.60
1816.11	5048.00
1819.67	5018.40
1823.23	5451.40
1826.79	5482.60
1830.35	5092.60
1833.91	5078.40
1837.46	5155.40
1841.01	5209.20
1844.56	5233.40
1848.11	4987.60
1851.65	5242.40
1855.20	5380.20
1858.74	5417.80
1862.28	5274.60
1865.81	5333.60
1869.35	5303.60
1872.88	5359.20
1876.41	5371.20
1879.94	5302.80
1883.46	5249.60
1886.99	5240.40
1890.51	5187.00
1894.03	5313.00
1897.54	5300.00
1901.06	5360.20
1904.57	5159.80
1908.08	5139.60
1911.59	5091.00
1915.10	5121.00
1918.60	5253.80
1922.11	5311.00
1925.61	5231.00
1929.11	5113.00
1932.60	5179.00
1936.10	5260.20
1939.59	5129.40
1943.08	4995.00
1946.56	4996.80
1950.05	5290.40
1953.53	5284.80
1957.02	5207.60
1960.50	5071.20
1963.97	5283.20
1967.45	5103.00
1970.92	5082.80
1974.39	5028.20
1977.86	5016.00
1981.33	5078.80
1984.79	5198.20
1988.26	5268.80
1991.72	5174.40
1995.17	5000.60
1998.63	5115.20
2002.09	5052.60
2005.54	5087.80
2008.99	5008.00
2012.44	4994.80
2015.88	4949.00
2019.33	5025.80
2022.77	5021.00
2026.21	5064.00
2029.65	5049.20
2033.08	5017.60
2036.52	5099.00
2039.95	4886.80
2043.38	4903.20
2046.81	4864.00
2050.23	4832.60
2053.66	4830.00
2057.08	5023.80
2060.50	4944.60
2063.91	4902.80
2067.33	4796.60
2070.74	4739.60
2074.15	4674.80
2077.56	4845.80
2080.97	4844.40
2084.38	4822.40
2087.78	4710.60
2091.18	4596.80
2094.58	4711.00
2097.98	4665.60
2101.37	4782.60
2104.77	4756.40
2108.16	4670.80
2111.55	4672.00
2114.93	4751.60
2118.32	4765.00
2121.70	4523.80
2125.08	4739.60
2128.46	4808.60
2131.84	4834.40
2135.22	4760.20
2138.59	4571.20
2141.96	4504.40
2145.33	4637.40
2148.70	4744.40
2152.06	4599.60
2155.43	4554.00
2158.79	4449.20
2162.15	4407.80
2165.50	4495.00
2168.86	4508.40
2172.21	4420.80
2175.56	4403.00
2178.91	4465.80
2182.26	4235.20
2185.61	4385.80
2188.95	4413.60
2192.29	4319.60
2195.63	4367.60
2198.97	4297.80
2202.31	4324.80
2205.64	4267.40
2208.97	4168.20
2212.30	4136.20
2215.63	4235.80
2218.96	4240.60
2222.28	4146.80
2225.60	4184.80
2228.92	4158.80
2232.24	4096.80
2235.56	4047.60
2238.87	4170.80
2242.18	4153.00
2245.49	4122.00
2248.80	4009.60
2252.11	4125.00
2255.41	4041.20
2258.72	3916.60
2262.02	3841.60
2265.32	3911.80
2268.61	4131.40
2271.91	4239.20
2275.20	4123.20
2278.49	4044.80
2281.78	4001.00
2285.07	3844.60
2288.35	3757.00
2291.64	3926.40
2294.92	4014.60
2298.20	3948.20
2301.48	3637.20
2304.75	3753.00
2308.03	3730.60
2311.30	3686.00
2314.57	3612.80
2317.84	3531.40
2321.10	3605.00
2324.37	3609.40
2327.63	3638.60
2330.89	3476.60
2334.15	3526.60
2337.41	3519.80
2340.66	3610.20
2343.92	3562.40
2347.17	3509.80
2350.42	3542.80
2353.66	3550.80
2356.91	3467.40
2360.15	3389.00
2363.39	3321.60
2366.63	3373.20
2369.87	3418.00
2373.11	3562.20
2376.34	3467.60
2379.58	3394.40
2382.81	3439.00
2386.04	3341.60
2389.26	3289.00
2392.49	3227.80
2395.71	3403.20
2398.93	3434.20
2402.15	3389.80
2405.37	3336.40
2408.59	3297.20
2411.80	3228.20
2415.01	3160.00
2418.22	3209.60
2421.43	3317.20
2424.64	3259.20
2427.84	3314.40
2431.04	3212.80
2434.25	3215.00
2437.44	3196.00
2440.64	3136.60
2443.84	3172.60
2447.03	3173.00
2450.22	3145.40
2453.41	3086.20
2456.60	3065.00
2459.79	3082.20
2462.97	2957.40
2466.16	3016.00
2469.34	3027.60
2472.52	3017.00
2475.69	3007.00
2478.87	2892.40
2482.04	2874.20
2485.21	2987.40
2488.38	2994.40
2491.55	2873.60
2494.72	2868.60
2497.88	2994.00
2501.05	2981.00
2504.21	2886.40
2507.37	2810.20
2510.52	2851.20
2513.68	2988.80
2516.83	3075.40
2519.98	2921.80
2523.13	2817.80
2526.28	2780.20
2529.43	2781.60
2532.57	2734.40
2535.72	2680.80
2538.86	2746.20
2542.00	2834.60
2545.14	2852.40
2548.27	2790.00
2551.41	2749.20
2554.54	2739.60
2557.67	2652.00
2560.80	2730.00
2563.92	2773.00
2567.05	2761.00
2570.17	2684.80
2573.30	2588.60
2576.42	2611.80
2579.53	2592.60
2582.65	2650.00
2585.76	2593.20
2588.88	2647.80
2591.99	2745.00
2595.10	2722.20
2598.21	2702.40
2601.31	2628.60
2604.42	2623.00
2607.52	2614.20
2610.62	2587.20
2613.72	2699.60
2616.81	2548.40
2619.91	2453.60
2623.00	2451.20
2626.10	2511.80
2629.19	2581.00
2632.27	2514.60
2635.36	2361.40
2638.45	2314.00
2641.53	2386.60
2644.61	2468.60
2647.69	2591.40
2650.77	2543.80
2653.84	2501.00
2656.92	2422.60
2659.99	2460.00
2663.06	2453.40
2666.13	2536.60
2669.20	2590.60
2672.26	2533.20
2675.33	2574.40
2678.39	2487.60
2681.45	2396.20
2684.51	2305.00
2687.57	2451.80
2690.62	2508.60
2693.68	2442.40
2696.73	2477.20
2699.78	2378.00
2702.83	2339.00
2705.88	2289.80
2708.92	2351.00
2711.97	2345.60
2715.01	2393.60
2718.05	2383.40
2721.09	2318.60
2724.12	2327.00
2727.16	2397.60
2730.19	2359.60
2733.22	2364.00
2736.25	2203.80
2739.28	2158.80
2742.31	2129.60
2745.33	2084.60
2748.36	2072.80
2751.38	2024.20
2754.40	1987.80
2757.42	1949.20
2760.43	2039.60
2763.45	2016.60
2766.46	2090.60
2769.47	2105.60
2772.48	2047.20
2775.49	2008.20
2778.50	1930.40
2781.50	1813.80
2784.51	1744.20
2787.51	1784.80
2790.51	1766.00
2793.51	1785.60
2796.50	1763.00
2799.50	1751.20
2802.49	1679.20
2805.48	1672.20
2808.47	1685.00
2811.46	1662.60
2814.45	1663.00
2817.43	1679.20
2820.42	1609.00
2823.40	1551.00
2826.38	1539.80
2829.36	1544.60
2832.33	1513.40
2835.31	1517.00
2838.28	1523.60
2841.25	1527.00
2844.22	1531.20
2847.19	1497.80
2850.16	1484.00
2853.12	1492.20
2856.09	1453.60
2859.05	1527.60
2862.01	1566.00
2864.97	1605.40
2867.93	1635.60
2870.88	1573.00
2873.83	1552.60
2876.79	1506.80
2879.74	1480.40
2882.69	1439.80
2885.63	1427.60
2888.58	1371.00
2891.52	1383.40
2894.47	1368.00
2897.41	1384.80
2900.35	1356.00
2903.28	1358.00
2906.22	1407.20
2909.15	1458.60
2912.09	1481.40
2915.02	1449.60
2917.95	1413.60
2920.88	1330.40
2923.80	1301.00
2926.73	1271.00
2929.65	1270.00
2932.57	1245.80
2935.49	1186.80
2938.41	1194.80
2941.33	1180.60
2944.24	1159.20
2947.16	1157.20
2950.07	1034.60
2952.98	982.60
2955.89	952.80
2958.80	924.80
2961.70	898.80
2964.61	857.80
2967.51	841.60
2970.41	809.40
2973.31	792.00
